0.5735114010003599
0.6734343709995301
0.6227411360005135
0.3328961839997646
0.7889043139994101
0.5049308799998471
0.3874087399999553
0.4896924109998508
0.4194920270001603
0.5452820079999583
0.6126302709999436
0.33825721199900727
0.19083470800069335
0.21086042599927168
0.21105825599988748
0.05316154499996628
0.1643690950004384
0.2025869210010569
0.18411799300156417
0.16972487400198588
0.18574517199886031
0.20822398000018438
0.18136874300034833
0.2334200979967136
0.1796765429971856
0.15814700500050094
0.1408874869994179
0.18647405199953937
0.12030559899721993
0.11884813899814617
0.21330936099911924
0.22698123900045175
0.11602916899937554
0.1291538479999872
0.13311634700221475
0.18958475299950805
0.27235052499963786
0.20011329100088915
0.12315971899806755
0.1766085130002466
0.17783450299975812
0.14538650600297842
0.48146537499997066
0.1831084599980386
0.2249893289990723
0.21656518799863989
0.18321403000300052
0.20988659899740014
0.18700058000104036
0.24110791699786205
0.1267199840003741
0.21014674899925012
0.12462254300044151
0.1463507920052507
0.216881298001681
0.2004508989994065
0.1541820020065643
0.1934074189994135
0.2169150690024253
0.266382355002861
0.5449205890035955
1.0982913989996632
0.4993197929998132
0.17760176199954003
0.19273319200146943
0.20106317200043122
0.20177035199958482
0.19474457199976314
0.19235749200015562
0.2118266939978639
0.11602182700153207
0.2115758639993146
0.14347005899981013
0.1956841320024978
0.1971208819995809
0.1899760519991105
0.11991469799977494
0.12870458899851656
0.26724905599985505
0.19517114300106186
0.14595585000279243
0.19630883199715754
0.21605570399697172
0.29847656000129064
0.20628697299980558
0.22901947499849484
0.1206314779992681
0.11425146799956565
0.18332842200106825
0.19667127300272114
0.19477205200018943
0.1173380870022811
0.195415852998849
0.17483697900024708
0.19053829699987546
0.3834312190010678
0.17376468099973863
0.13068190299964044
0.1770782310049981
0.17712213099730434
0.19493766000232426
0.18082813100045314
0.1887521199969342
0.18584327999997186
0.14029194300383097
0.18906621899805032
0.15782068199769128
0.5774779810017208
0.26593391599453753
0.16779145499458537
0.15775828700134298
0.19692963299894473
0.1986616620051791
0.18776709299709182
0.2582732969967765
0.32212247400002525
0.3935884840000199
0.4740878809998321
0.18762382700015223
0.2161648559999776
0.25503578699999707
0.1937708069999644
0.16199078699992242
0.14057369800048036
0.27585892699971737
0.13428541899975244
0.19384169899967674
0.2446724080000422
0.14150814899949182
0.16987884799982567
0.14258446900021227
0.22159523799928138
0.1912049880002087
0.3358007169999837
0.20795183699920017
0.12157742799990956
0.17072886799996922
0.2206091469997773
0.20790234800006147
0.40434522299983655
0.312642760000017
0.21323382899936405
0.2436608130010427
0.2144642989987915
0.20448698099789908
0.18404632400051923
0.2603154810021806
0.5176635729999362
0.8738776059981319
0.5471341570009827
3.25334402199951
0.5310307379986625
0.27148857199790655
0.38682769300066866
0.4971117149980273
0.4095883780028089
0.3953046969982097
0.2798790039996675
0.901612148998538
0.32477412300067954
0.8403738750021148
0.33111616099995445
0.8770676669992099
0.4062066149999737
0.5638435799992294
0.40201958199759247
0.5135808619997988
0.2370239110023249
0.9720865490016877
0.761773448997701
0.2796973259974038
0.23595419200137258
0.4067975239995576
0.4742146220014547
1.3003617369977292
0.3217160479980521
0.4800078670000403
0.08642587099893717
0.1457222829994862
0.31424113100001705
0.9019622100004199
0.6721138640004938
1.8276130689991987
0.2222341559972847
0.321343899002386
0.6967072959960205
0.3317346510011703
0.2857360120033263
0.7666981379952631
0.37210272299853386
0.674575230004848
0.5095824989984976
0.2780851249990519
0.7891545530001167
0.3233037290046923
2.785926083000959
0.8773941110048327
0.31313551100174664
0.2998204459945555
0.276779070001794
0.3935213169970666
2.5290355979959713
1.7900567820033757
1.8149780560052022
1.7225088729901472
0.5143231279944303
0.3821404890040867
0.3673232180008199
0.4563508110004477
0.3205694880016381
0.46504950600501616
2.1584154209995177
2.5307484110089717
1.9956245950015727
2.0714789670018945
0.3172551010065945
0.3239043459907407
0.3941567279980518
0.4984496659890283
0.3256234129949007
0.5105700909916777
0.5181129050033633
0.8174305130087305
0.49924820799787994
0.13877323999622604
0.9556347570032813
2.5771837860083906
0.3214420759904897
0.4185657110065222
2.9485226899996633
4.043909304993576
0.49017779499990866
0.4821598550042836
0.41222480199940037
0.3207940249994863
0.21313447500870097
0.5136753689876059
0.4315646480099531
0.30148653499782085
0.38338818900228944
0.5768329829879804
0.42701945701264776
0.47918122400005814
0.383673155985889
0.37167759500152897
0.33260133500152733
0.33517619599297177
0.4846870250039501
0.5384672899963334
0.30466382899612654
0.279261781994137
0.3114206870086491
0.36273326000082307
0.3864342089946149
0.31013331799476873
0.3867386910133064
0.4510142790095415
0.8874623470001097
0.402183339000203
0.9556506980006816
1.3574288739982876
0.5034769699996104
0.8888663550023921
0.4057163039979059
0.32369216100050835
0.30180666399974143
0.486331424996024
0.5365822700041463
0.3222202550023212
0.30464707099599764
0.5952723029986373
0.37174060699908296
0.27676374000293436
0.32812337199720787
0.3160647229960887
0.68744699099625
7.046329805001733
0.47846516899880953
0.5059037430037279
0.6185487800030387
0.41622341600304935
0.41724555299879285
0.9171208680054406
0.7459835549962008
0.360687364001933
6.059310550001101
0.3849200580007164
0.2732218949968228
0.45694846500555286
0.4087837379993289
0.24558823199913604
0.378018286995939
0.31842855300055817
0.3376470029979828
0.3448709320000489
0.37689543399756076
0.39268822399753844
0.36798437099787407
0.3834383769935812
0.8321237309864955
0.8812429119989247
2.206392505000622
0.37031740800011903
0.3591139709997151
0.3075828979999642
0.3829968740010372
0.35736668499885127
0.429942401999142
2.015900712000075
0.3792233339991071
0.4908791529996961
0.41274126000098477
0.233982379999361
0.33283270799984166
0.520412349000253
0.39131834999898274
0.5847217919999821
0.2407126299999618
0.33736957400014944
0.2917832120001549
0.2435379789999388
0.28912692199992307
0.30383387600022616
0.2548924310003713
0.2420597899999848
0.32086015200002294
0.29047388399976626
0.36555002300019623
0.40720035699996515
0.35376515100006145
0.3185123379998913
0.32562398800018855
0.2666733030000614
0.3003948969999328
0.36058428599972103
0.8539600630028872
0.6597119070065673
0.2386641979974229
0.3199629239970818
0.44543305200204486
0.34249675400496926
0.41387597400171217
0.4805983119949815
0.7285626269999739
0.07871218499894894
0.5566642019985011
0.35151328000210924
0.2963418770013959
0.3628793759999098
0.4673042569993413
0.5046320389992616
0.41856187200028216
0.5785142159984389
0.3051149919992895
0.47067792099915096
0.48565336799947545
0.32392982300007134
2.146603197001241
2.568650859000627
0.2519599070001277
0.2917458629999601
0.38270789699890884
0.41061089700087905
0.47782921100224485
0.3783188080014952
0.24062583900013124
0.4090695179984323
0.33506914600002347
0.3869049579989223
0.4726654359983513
0.3322028959992167
0.26870050899742637
0.545620766999491
0.31550443199739675
0.48358550800185185
0.7307543520000763
0.8623945290019037
0.4790861849905923
0.2092178849998163
0.25823016099457163
0.20397577500261832
0.2418864229985047
0.5230436819983879
0.7231148870050674
0.4925452140014386
0.21626983500027563
0.19518424599664286
0.2519256820087321
0.12407828100549523
0.19741193600930274
0.1764851569896564
0.27016796899260953
0.20798537399969064
0.28324408900516573
0.16441346799547318
0.17036537699459586
0.4781735150027089
0.23304437300248537
0.49925101299595553
0.16594523699313868
0.14079211000353098
0.21862824400886893
0.18202644599659834
0.24480147298891097
0.2378454030113062
0.23279214299691375
0.31542250599886756
0.28377045899105724
2.814875452000706
1.9817608619996463
0.42380489100469276
0.19119652200606652
0.1814746629970614
0.2556625169963809
0.3149666199897183
0.6910174250078853
0.6069719640072435
0.19395950200851075
0.20228634201339446
0.2904868540063035
0.1692889539990574
0.19134048200794496
0.5102594729978591
0.21014957000443246
0.2265901689970633
0.17896829299570527
0.5047968230064726
0.3857430740026757
0.6435018699994544
0.5435737889929442
0.18265790300210938
0.1854486030060798
0.1984445819980465
0.9904762399999072
0.8021949739995762
0.8871279459999641
0.28699231700011296
0.40697829200053093
0.5650475889997324
0.38071155099987664
0.34489765699981945
0.2997090830003799
0.4327325390004262
0.33341568800005916
0.3746803040003215
0.4259616460003599
0.410679959000845
0.5005101080005261
0.25919113300005847
0.3887101970012736
0.22993613500148058
0.40717788399888377
0.311063914999977
0.2899721920002776
0.2836420769999677
0.2415857199994207
0.797042803000295
0.5775000799912959
0.2697820230096113
0.5923793709953316
0.31789542800106574
0.30711050699756015
0.32490926000173204
0.5014320260088425
1.9811790690000635
0.5518662840040633
0.5406274130073143
0.8781036249997669
0.32499611000002915
0.49673704500037275
0.6963639770001464
0.3021487469995918
0.4427602300002036
0.2522870590000821
0.3186069260000295
1.4845426350002526
0.4011439360001532
0.4651270130007106
0.14455066900154634
0.7950387250000404
0.31205403000012666
0.364663954000207
0.30984011300006387
0.2982642090000809
0.37728516200013473
0.29966200699982437
0.3362612419996367
0.3898942129999341
0.2747907109996959
0.5052593099999285
0.33946748499965906
0.41152505799982464
0.3222286530008205
0.37203206999947724
0.5172919749993525
0.3086272890004693
0.3821666029998596
0.37333504799971706
0.2941912810001668
0.3025139109995507
1.71230776000084
0.4605880460003391
0.3112392720004209
0.4083573370007798
0.5201579089998631
0.23574203499993018
0.8687132269997164
0.39663642100003926
2.322115056000257
2.257955934000165
1.471599673000128
1.019844138994813
0.3031669080010033
0.22209138199832523
0.2436053700002958
0.2113930320047075
0.3153056840019417
0.2922070770000573
1.7625513459934155
0.49897580400283914
0.30185824100044556
0.2210883459993056
0.2958618939956068
0.3993374869969557
0.902082688997325
0.856600430997787
0.06764110499989329
0.17652682900006766
0.17720872000063537
0.2670191139986855
0.18756989800021984
0.17066273700038437
0.18845635800062155
0.06380745400019805
0.17639483499988273
0.22687878100077796
0.19869611200010695
0.1844984449999174
0.1329960889997892
0.17064597499847878
0.20265919200028293
0.1768756739984383
0.19490527299967653
0.19451321300039126
0.19165110399990226
0.15662684699964302
0.1616598359996715
0.11487237000073947
0.16337866600042616
0.18524005400104215
0.1621070969995344
0.3860587969993503
0.25895343799857073
0.14550763800070854
0.2132912760025647
0.6392590000000382
0.26376760699986335
0.3150185350000356
0.47028901599969686
0.30574047700019946
0.5460929370001395
0.3138573059995906
0.3174734840004021
0.40951405899977544
0.30122547399969335
0.5126900790000946
0.4141338379995432
0.38957640299940977
0.30971950300045137
0.40863675299988245
0.27957178600081534
0.3059580079998341
0.5604285870003878
0.3135568449997663
0.37868671500018536
0.3941220960005012
0.39871739400041406
0.3013955789992906
0.3431160000000091
0.37599878099990747
0.3965442840008109
0.3245063630001823
0.41604157999972813
0.7603134840001076
0.3270711029999802
0.31071698300002026
0.3047135820006588
0.4123082210007851
1.4395950850002919
0.4365736259996993
0.4010437470005854
0.5832728459999998
0.825974882999617
0.32349552499999845
0.37166972999966674
0.4114246720000665
0.33773499200015067
0.28575986199939507
0.406525736999356
0.311132737000662
0.6046659229996294
0.6052088609994826
0.4775164729999233
0.36428781500035257
0.3314840719995118
0.5034101350011042
0.3306864990008762
1.030471629999738
0.6766517460000614
0.42722710699990785
0.2424280440000075
0.7080471199951717
0.35937767200084636
0.4496402870063321
0.5772435220060288
0.22469470799842384
1.0860310580028454
0.36651785100548295
0.4128774929995416
0.46540264099894557
0.2954188349976903
0.3611478330058162
0.3371023299987428
0.3095381230014027
0.2976514540059725
0.3789534919997095
0.8964826820010785
0.4999211359972833
0.4822443189987098
0.3767542029963806
0.3251125199967646
0.3392726100064465
0.407625054998789
0.29428783299954375
0.277448123000795
0.3813599380009691
0.3783671159981168
2.0405802150053205
1.0894370999958483
3.3676338809964363
2.0223023090002243
0.7484957079941523
0.31421876500098733
0.38814135800203076
0.34098623999307165
0.31275636299687903
0.5135830639992491
0.3219335979956668
0.28692192799644545
0.4223545259956154
0.5839962390018627
0.7405938190058805
0.30698870399646694
0.34473467099451227
0.40117090399871813
0.3374205209984211
0.31037644000025466
0.28339372500340687
0.30577275499672396
0.2836254169960739
0.2228972819939372
0.3685385569988284
0.39423622600588715
0.3751774279953679
0.5459917850021156
0.3489357590005966
0.6774679309892235
0.39500078999844845
0.4003252609982155
0.4469914770015748
0.4720814079992124
0.20818024600157514
0.1818850180006848
0.19675272600034077
0.20880415600004198
0.20151020599951153
0.1139520030010317
0.21831183500034967
0.19645620700066502
0.2002313970006071
0.1962326060001942
0.19414269699882425
0.2312653950011736
0.22307698500117112
0.2743573320003634
0.20354833700002928
0.2812713010007428
0.27802058099950955
0.8827016920004098
0.14027575100044487
0.3443444470012764
0.1780792380013736
0.14762044600138324
0.17364629799703835
0.3211104269976204
0.2216463440017833
0.20453522599927965
0.20310717599932104
0.21512953500132426
0.310782509001001
0.19731800700174063
0.353072506000899
1.223787415001425
0.352134914999624
0.14592769899900304
0.20605502599937608
0.22577527400062536
0.28170436100117513
0.19860620599865797
0.20613588500054902
0.17190505899998243
0.2531150120012171
0.3504821060014365
0.9248110850021476
0.39597959300590446
0.9063418320001801
0.38748660199780716
0.8004957530001775
0.414139471999988
0.44320916200013016
0.8309525059994485
0.4958546639973065
0.2935858489945531
0.6110765530011122
0.3005596620000688
0.6053425119898748
0.42546932700497564
5.468760008996469
0.5002022890002991
0.8816073139969376
0.8034701380020124
0.6085564389995852
0.488055786001496
0.4926786119976896
0.7040375040014624
0.3342138049993082
0.41101495799739496
0.3311637229999178
0.23015817999839783
0.1952584940008819
0.1915876040002331
0.19112435399438255
0.13179971899808152
0.33089021500200033
0.15850646299077198
0.3338510949979536
0.49688205900019966
0.41243517600378254
0.38508578699838836
0.29178538500127615
0.36911133499233983
0.6067752710005152
0.6918762700006482
0.28021285500290105
0.23135053799978778
0.38410002599994186
0.5087867239999468
0.4023493860004237
0.3143043169984594
0.28317016099936154
0.12426669800152013
0.11907618700024614
0.16833911200046714
0.12269507800010615
0.38466863199937507
0.14593371599767124
0.290181197997299
0.18633909599884646
0.1981048349989578
0.28171934199053794
0.11251549300504848
0.5902271760060103
0.4029720989983616
0.35858204900068813
0.317642808000528
0.2614229430000705
0.30775002499831317
0.361357391000638
0.27305232499929843
0.35454639499948826
0.3250334420008585
0.3045723409995844
0.2711238680003589
0.39373402499950316
0.3053530619999947
0.7035390640012338
0.3476128239999525
0.4948807429991575
0.4055416450009943
0.4860743699991872
0.2923425400003907
0.3917214499997499
0.44393828800093615
0.2864694979998603
0.38570855499892787
0.33896274600010656
0.18552885400004016
0.1269929999980377
0.2198218050034484
0.3572685340041062
0.2899589690059656
0.2493080020067282
0.21265871499781497
0.1775023170048371
